function op = KEY(xl)
    
    number=[488272444717190, 919582834986570, 263662325472567, 337422624869791, 230985082346245, 222461702837797, 882362986876080, 621734128629013, 594874181652698, 230459318401354, 867728005949704, 659849618336559, 415857142803043, 561924585880348, 461627230376747, 168370022521757, 315924538198292, 210987041351648, 265517009454175, 315957273098412, 475540362175932, 144688987293167, 912444498923753, 950308470749481, 541777683221271, 540327374560017, 403947468839239, 910048461775895, 432322103008193, 200082479764408, 802226861489024, 450764953265128, 317522157322449, 463520931029303, 186809072651549, 218775963345701, 947845531697936, 960521086206822, 617687735570619, 153801588652440, 311301922035165, 417842714099863, 839074636178163, 113863093886399, 138721421492027, 252091026516433, 684203927460806, 758550147092803, 682971366822676, 505831335787850, 592308003057710, 366688725046995, 770223526366740, 270059513529290, 718097890028783, 265160040163542, 431636136841302, 663056704656721, 802204691636239, 173013191979206, 936447373871857, 798141410747562, 538112469162855, 492272729722827, 502105374486825, 375714524814901, 557657789843014, 559694407754898, 835864937490035, 815348275195107, 679886317174322, 440748444394241, 830422412454229, 579543029919509, 415654393219195, 945101405799898, 888348530343685, 595140708608580, 660227577401104, 628340234078275, 286968063459725, 371121697251541, 523831013665831, 307439344190402, 859877913425850, 275287860610344, 303329602875158, 253637242433072, 304897868034898, 492128815693509, 379992057985371, 931041677892919, 487186652196625, 266334688111722, 914392871811903, 981773540520476, 494982975813492, 200007301096538, 332258226320860, 467847861501296, 635406466607752, 335990573002760, 642558780443874, 740094202390314, 299572060615516, 205675885770225, 367008285896494, 386900471733294, 481750083742426, 557072456195006, 176964217381039, 336234011228499, 820913160492764, 126298249805931, 935968725530240, 757297776569907, 539748076423221, 620672554921095, 313555221794369, 512963945361938, 966779685358221, 592125146865071, 569022247723601, 308434948037671, 540007969528150, 661654079356320, 711221986779172, 455963694101733, 430692983690028, 989183802845469, 133964979615596, 896651207382227, 921958144875315, 816565486226690, 188841050790016, 335684065483644, 401821155966516, 711755156239604, 222897823619832, 749104748723566, 196085675446517, 688381613801703, 544756542975343, 801146550908147, 743533370560624, 913348504500684, 901830253897710, 400746747463746, 728871249101315, 278028844017336, 127486851674172, 769666834330716, 550020192031180, 531929927031454, 914250014260626, 648879983580302, 655899750629609, 873498075081591, 824940482076717, 619049364053216, 264630222473422, 315938809511845, 897860739768491, 125806737217695, 540911249661001, 251134431114031, 980812584677042, 741425024511022, 550424461739358, 523979537087745, 153656980821675, 713774713734156, 138188023750667, 164300918140578, 569484858217855, 187057023202780, 836333698473662, 835792382871357, 750195633130158, 234878898230170, 693644727617476, 566735448259484, 975677099287476, 684092343441120, 820297517817161, 508417937854227, 489152353405115, 842782415861841, 175122833373022, 219853906846445, 256049751807105, 451844022091362, 848241768555162, 823027952442196, 154424061252904, 459331993552218, 574188247457466, 475119521137708, 691173901876336, 665176023271093, 362785671965543, 488486053223848, 113938413072417, 985657351941238, 250451568923190, 195594710435797, 435168766049983, 278306562288677, 540718874214421, 405544072051681, 956467418299954, 928298835852907, 147409297912713, 764072285965296, 342207483758700, 480552053507927, 593083811093360, 948463285849240, 475969693884996, 984747219822870, 371309453840858, 730988880310833, 699704966425983, 585213818538571, 728294968162277, 699875122062328, 260319208960303, 215212959748155, 999172355285224, 254008959720788, 129340738477475, 605079813438694, 893679850406628, 702257774080954, 271389940461958, 432024891457505, 514653343534370, 983474155873674, 240764457003907, 869970525261320, 680288083183079, 438644989250948, 271831325712672, 485427693681447, 533819854928670, 208550451967446, 630556736225553, 303568911777408, 446157211932469, 624687744472906, 326625510225081, 361396597849281, 655381795953901, 338752818829026, 841938640019951, 984397059749755, 757223913040837, 409489303703484, 625662399950606, 196992113719368, 915677335584759, 891688352033714, 835984503433577, 334655199149918, 634920625597897, 120261333466208, 482733388192721, 381446998138554, 245336269880574, 260889568077131, 480597120190076, 184806404998961, 638671301881067, 523831830722500, 726354381971447, 729899064935462, 674677682444654, 130243452459786, 161925489206246, 387639761662446, 577777852624713, 689001136981359, 466857277337037, 837983100503746, 746523048885295, 971784397207984, 578200515909107, 392631113638504, 195066282996119, 649862792871580, 800922017641683, 481107627066464, 181740957208695, 339824341701165, 238291045832175, 352904772280483, 496076625101548, 574428467584587, 511681929118906, 887834438743766, 566246897524993, 949260362093549, 673938188264956, 961924545857424, 316636331932144, 708510073477376, 360158114507029, 704627348872793, 725626449596563, 161193491623009, 329311140937304, 301636027741796, 701049454312344, 859952940874484, 410016170170937, 802467687458222, 707798859172299, 106043782886629, 641953438823615, 448094075068886, 924392119718282, 101035951416196, 516204243318095, 481914135833837, 514824729426067, 793143755747748, 390224626468100, 806265365284667, 524221438339550, 132186459942206, 258286974115177, 749582230051992, 526137393668788, 237449080394408, 407012146344198, 646650292391512, 272570729915618, 764584155979247, 318564638486352, 925681907844444, 342155428017416, 788950014959294, 269795779112341, 358748355759518, 182002117317881, 618588442596706, 715026918965187, 591933803131290, 483155957684069, 679998503288202, 682855867155415, 711115078683881, 672208039462675, 950656701798461, 288041430183420, 738353532439490, 312607519294416, 207456623017574, 646573546617071, 505123927269306, 512852944283981, 695750276715086, 793256963323294, 415196212096994, 695808638523221, 474542730972816, 857736237422178, 849625137167694, 330796893006232, 652114663131587, 624024248074504, 586665403411968, 882946929122206, 338301123828067, 386266667932953, 207293086948772, 945846523310428, 680996687475271, 531516902453999, 675385264936097, 590244499474086, 682580332263814, 589497340599675, 748941958521830, 570245775199391, 994334161708766, 296808969159670, 195218445925205, 198727718070874, 157232233877595, 464121996271863, 503535620859845, 429234559154354, 787154176763932, 665106741652751, 794782346998820, 939568213250937, 975466768602712, 272825514484997, 224986782546239, 726639703374695, 184438024097379, 572863963473402, 577309796553577, 875025830253999, 536368000196891, 454110725093739, 704288025706623, 767132149108785, 568047220651348, 412941404149772, 234997528448514, 627482860508315, 335930785955026, 140008683050414, 779439940508061, 318506822038865, 498162081701749, 719016476608096, 423305389361674, 762706066871081, 455236727750886, 715074280271180, 733642687300839, 498074872045033, 117619861197986, 397772092192663, 481878547149823, 343243381088858, 277348418285910, 839549066465178, 486929268444939, 898993858830718, 452064695915047, 792202948649466, 457112365312254, 827662686298610, 779569389106375, 439655990351592, 294417024365254, 811366496170222, 954373520664817, 394808890667684, 704137933406565, 494780484328260, 850150536030077, 791968827186653, 250528190945249, 875782430831865, 990884938268353, 562981110855134, 895852920814259, 629223449777647, 239277113790440, 279876540571706, 466259353425016, 773835146394122, 843025434207540, 810966726950077, 386671820859092, 580657714633653, 180955610893522, 200535169773883, 222663294044468, 710787074320169, 545659317180694, 270739365415822, 545505242491198, 